window.FIGURAS_DATA = {"wrb_class_distribution": {"labels": ["Cambisols", "Luvisols", "Fluvisols", "Arenosols", "Calcisols"], "counts": [6988, 359, 98, 98, 48]}, "wrb_missing_top20": {"labels": ["mean_vic_70cm", "mean_vic_80cm", "mean_vic_90cm", "mean_vic_40cm", "mean_vic_50cm", "mean_vic_60cm", "mean_vwc_70cm", "rango_vwc_70cm", "vel_vwc_70cm", "mean_vwc_80cm", "rango_vwc_80cm", "vel_vwc_80cm", "mean_vwc_90cm", "rango_vwc_90cm", "vel_vwc_90cm", "mean_temp_70cm", "rango_temp_70cm", "mean_temp_80cm", "rango_temp_80cm", "mean_temp_90cm"], "pct": [97.99762877091293, 97.99762877091293, 97.99762877091293, 97.6682913977078, 97.6682913977078, 97.6682913977078, 90.92346199446713, 90.92346199446713, 90.92346199446713, 90.92346199446713, 90.92346199446713, 90.92346199446713, 90.92346199446713, 90.92346199446713, 90.92346199446713, 90.92346199446713, 90.92346199446713, 90.92346199446713, 90.92346199446713, 90.92346199446713]}, "missing_by_depth": {"vwc": {"depth": [10, 20, 30, 40, 50, 60, 70, 80, 90], "pct": [0.0, 16.796206033460678, 16.796206033460678, 87.06362798050323, 87.06362798050323, 87.06362798050323, 90.92346199446713, 90.92346199446713, 90.92346199446713]}, "temp": {"depth": [10, 20, 30, 40, 50, 60, 70, 80, 90], "pct": [0.0, 16.796206033460678, 16.796206033460678, 87.06362798050323, 87.06362798050323, 87.06362798050323, 90.92346199446713, 90.92346199446713, 90.92346199446713]}, "vic": {"depth": [10, 20, 30, 40, 50, 60, 70, 80, 90], "pct": [61.79686470820709, 61.79686470820709, 61.79686470820709, 97.6682913977078, 97.6682913977078, 97.6682913977078, 97.99762877091293, 97.99762877091293, 97.99762877091293]}}, "profiles": {"depth": [10, 20, 30, 40, 50, 60, 70, 80, 90], "vwc": {"Cambisols": [11.885047840870062, 24.303124682670795, 28.941650039580107, 8.111269743737957, 8.377084911368016, 9.148475976878613, 0.0, 0.0, 0.0], "Luvisols": [19.434093259052926, 27.5976046545961, 29.367164557103063, 28.576392649025067, 26.824653562674094, 27.865852674094707, 32.83927024858757, 39.30425512429378, 40.9001544519774], "Fluvisols": [0.14681291836734695, 102123.18037648979, 0.14063022448979592, 0.006736842105263158, 0.00010526315789473685, 0.00010526315789473685, 0.00010526315789473685, 0.00010526315789473685, 0.00010526315789473685], "Arenosols": [0.21528175510204078, null, null, null, null, null, null, null, null], "Calcisols": [2.7969791875, 3.9480312499999997, 3.0659548541666672, 0.0, 0.0, 0.0, 0.0, 0.0, 0.0]}, "temp": {"Cambisols": [18.06977745663995, 18.814510603166408, 18.934491861469628, 17.123154337186897, 17.23518179576108, 16.944664724470133, 17.99522053921569, 17.813107414215686, 17.694827362745098], "Luvisols": [13.280407206128134, 12.937512668523679, 12.587135688022284, 11.957219587743733, 12.09288188022284, 12.005678448467966, 12.948346531073447, 12.97363652542373, 13.084443485875706], "Fluvisols": [22.21844267346939, 22.272834755102043, 21.905712428571434, 22.60489338947368, 22.535559684210526, 22.383724947368425, 21.935299642105264, 21.779039178947365, 21.78864883157895], "Arenosols": [26.601242428571428, null, null, null, null, null, null, null, null], "Calcisols": [17.155737729166667, 17.41647491666667, 17.2487495, 18.380718, 18.280367555555557, 18.121270555555554, 17.677555555555557, 17.490806222222222, 17.431165222222223]}}, "correlation": {"columns": ["sensor_depth_cm", "sensor_has_vic", "mean_vwc_10cm", "mean_vwc_20cm", "mean_vwc_30cm", "mean_vwc_40cm", "mean_vwc_50cm", "mean_vwc_60cm", "mean_vwc_70cm", "mean_vwc_80cm", "mean_vwc_90cm", "mean_temp_10cm", "mean_temp_20cm", "mean_temp_30cm", "mean_temp_40cm", "mean_temp_50cm", "mean_temp_60cm", "mean_temp_70cm", "mean_temp_80cm", "mean_temp_90cm"], "values": [[1.0, 0.006106540369303565, -0.30012990225698244, 0.04593201222324134, -0.5587649729026521, -0.7817793273213917, -0.796770664034507, -0.6936198969063518, 0.0, 0.0, 0.0, -0.09097587714308969, -0.13914701933855167, -0.17155938889906833, 0.6012647522561851, 0.6151578667662728, 0.604822884997048, 0.0, 0.0, 0.0], [0.006106540369303565, 1.0, 0.49132591416551746, 0.018594088493196295, 0.5794493941813221, -0.3036901685519854, -0.28029142112396266, -0.2609960778079928, -0.30465885442331725, -0.2907636832893274, -0.2732176007951192, 0.3054827573054793, 0.5516282870843473, 0.5311668994973388, 0.5457394294350559, 0.5348089449890526, 0.5443688002233648, 0.47769559570859266, 0.4797728727153651, 0.49273678022573764], [-0.30012990225698244, 0.49132591416551746, 1.0, -0.018671352106200294, 0.7619284530712163, 0.590249652270735, 0.5902332192358553, 0.5993252554935048, 0.9736392157663077, 0.9927127976294194, 0.9912740172294976, 0.08353067489293858, 0.2714586582551141, 0.24434382122299136, -0.608851554470652, -0.6028574380907393, -0.6060224211646469, -0.6078575167680632, -0.5981504110242426, -0.5637062180266599], [0.04593201222324134, 0.018594088493196295, -0.018671352106200294, 1.0, -0.038456032267879865, -0.037383354899676334, -0.036599200620416154, -0.03773831217259276, -0.029516862534812168, -0.028170734625466036, -0.026470896588125393, 0.007760368038157727, 0.005642816879409251, 0.004361500567175444, 0.051862496447143774, 0.049703382935266424, 0.05013757567037179, 0.039866108416751284, 0.038771273940076574, 0.044766746025736145], [-0.5587649729026521, 0.5794493941813221, 0.7619284530712163, -0.038456032267879865, 1.0, 0.987487863377367, 0.9760858253270551, 0.9528872465414486, 0.9163709043548188, 0.8466684519896842, 0.7700280645653985, -0.003862692832114891, 0.14155046348471578, 0.1375743829784898, -0.8483763188512194, -0.8550357397642794, -0.8520085733366656, -0.7957253307762983, -0.7818564328487414, -0.768059642114382], [-0.7817793273213917, -0.3036901685519854, 0.590249652270735, -0.037383354899676334, 0.987487863377367, 1.0, 0.9960739458578028, 0.9625607848333299, 0.9018151527336283, 0.8274415994794795, 0.7470409655453895, -0.5852185025895531, -0.7497728936621236, -0.7953379254924341, -0.8100138581792946, -0.8192372179017094, -0.8145563780527211, -0.7985887023803979, -0.7846293117190595, -0.7722733494575357], [-0.796770664034507, -0.28029142112396266, 0.5902332192358553, -0.036599200620416154, 0.9760858253270551, 0.9960739458578028, 1.0, 0.9696442403621662, 0.9270696718466194, 0.8609023711462279, 0.7871369478275009, -0.5642252966183622, -0.7260443951594316, -0.7713172999049951, -0.7818667159437372, -0.7907451648475554, -0.7872574464013576, -0.7934868124868484, -0.7799183474695758, -0.7651921782190586], [-0.6936198969063518, -0.2609960778079928, 0.5993252554935048, -0.03773831217259276, 0.9528872465414486, 0.9625607848333299, 0.9696442403621662, 1.0, 0.986500200719581, 0.9510926936784815, 0.9026328079987633, -0.5654560141849775, -0.7236822000265732, -0.7546420658797487, -0.7571258203276878, -0.7604906199534766, -0.7634891903168545, -0.7556281822823604, -0.7430120313093251, -0.7200095770681774], [0.0, -0.30465885442331725, 0.9736392157663077, -0.029516862534812168, 0.9163709043548188, 0.9018151527336283, 0.9270696718466194, 0.986500200719581, 1.0, 0.9888314570391035, 0.9609011285093843, -0.6313661141759236, -0.7013050858114268, -0.7078679803292247, -0.7364025147197953, -0.7301041920913429, -0.7300558474988804, -0.7039638957313888, -0.6923421925220876, -0.6637596004222085], [0.0, -0.2907636832893274, 0.9927127976294194, -0.028170734625466036, 0.8466684519896842, 0.8274415994794795, 0.8609023711462279, 0.9510926936784815, 0.9888314570391035, 1.0, 0.9914298400107183, -0.5905386232519007, -0.6463069151318523, -0.6491571338446258, -0.675067869264405, -0.6674069170351729, -0.6688367521343035, -0.6400520117339148, -0.6296810706858396, -0.5967151999938202], [0.0, -0.2732176007951192, 0.9912740172294976, -0.026470896588125393, 0.7700280645653985, 0.7470409655453895, 0.7871369478275009, 0.9026328079987633, 0.9609011285093843, 0.9914298400107183, 1.0, -0.5430404358613397, -0.5854544946189976, -0.5850721010532479, -0.6083232661068103, -0.5996684919810593, -0.6024361441603071, -0.5718715229707438, -0.5628389813602437, -0.5266819450792891], [-0.09097587714308969, 0.3054827573054793, 0.08353067489293858, 0.007760368038157727, -0.003862692832114891, -0.5852185025895531, -0.5642252966183622, -0.5654560141849775, -0.6313661141759236, -0.5905386232519007, -0.5430404358613397, 1.0, 0.9179845608368267, 0.8932740749996754, 0.7618691010855373, 0.7629591019372125, 0.7708556769628607, 0.8382626710557207, 0.8360214434823924, 0.8277328544025653], [-0.13914701933855167, 0.5516282870843473, 0.2714586582551141, 0.005642816879409251, 0.14155046348471578, -0.7497728936621236, -0.7260443951594316, -0.7236822000265732, -0.7013050858114268, -0.6463069151318523, -0.5854544946189976, 0.9179845608368267, 1.0, 0.9943149884868845, 0.9544289352726627, 0.9445456919176172, 0.9470192084472171, 0.9555576658514817, 0.9525493344722218, 0.9468893873638395], [-0.17155938889906833, 0.5311668994973388, 0.24434382122299136, 0.004361500567175444, 0.1375743829784898, -0.7953379254924341, -0.7713172999049951, -0.7546420658797487, -0.7078679803292247, -0.6491571338446258, -0.5850721010532479, 0.8932740749996754, 0.9943149884868845, 1.0, 0.9881746404052799, 0.981838948152612, 0.9819636876791431, 0.9834603279899627, 0.9804213960966047, 0.9752704702951356], [0.6012647522561851, 0.5457394294350559, -0.608851554470652, 0.051862496447143774, -0.8483763188512194, -0.8100138581792946, -0.7818667159437372, -0.7571258203276878, -0.7364025147197953, -0.675067869264405, -0.6083232661068103, 0.7618691010855373, 0.9544289352726627, 0.9881746404052799, 1.0, 0.9980623649886456, 0.9963311706587602, 0.9917074583764283, 0.9878840126360113, 0.9834760345586026], [0.6151578667662728, 0.5348089449890526, -0.6028574380907393, 0.049703382935266424, -0.8550357397642794, -0.8192372179017094, -0.7907451648475554, -0.7604906199534766, -0.7301041920913429, -0.6674069170351729, -0.5996684919810593, 0.7629591019372125, 0.9445456919176172, 0.981838948152612, 0.9980623649886456, 1.0, 0.9982964635778805, 0.9966957966497791, 0.9936111142380487, 0.9897596912212355], [0.604822884997048, 0.5443688002233648, -0.6060224211646469, 0.05013757567037179, -0.8520085733366656, -0.8145563780527211, -0.7872574464013576, -0.7634891903168545, -0.7300558474988804, -0.6688367521343035, -0.6024361441603071, 0.7708556769628607, 0.9470192084472171, 0.9819636876791431, 0.9963311706587602, 0.9982964635778805, 1.0, 0.9976345186669235, 0.995427810820248, 0.9919520529145202], [0.0, 0.47769559570859266, -0.6078575167680632, 0.039866108416751284, -0.7957253307762983, -0.7985887023803979, -0.7934868124868484, -0.7556281822823604, -0.7039638957313888, -0.6400520117339148, -0.5718715229707438, 0.8382626710557207, 0.9555576658514817, 0.9834603279899627, 0.9917074583764283, 0.9966957966497791, 0.9976345186669235, 1.0, 0.9991903835925411, 0.9968961247784087], [0.0, 0.4797728727153651, -0.5981504110242426, 0.038771273940076574, -0.7818564328487414, -0.7846293117190595, -0.7799183474695758, -0.7430120313093251, -0.6923421925220876, -0.6296810706858396, -0.5628389813602437, 0.8360214434823924, 0.9525493344722218, 0.9804213960966047, 0.9878840126360113, 0.9936111142380487, 0.995427810820248, 0.9991903835925411, 1.0, 0.9983435936062443], [0.0, 0.49273678022573764, -0.5637062180266599, 0.044766746025736145, -0.768059642114382, -0.7722733494575357, -0.7651921782190586, -0.7200095770681774, -0.6637596004222085, -0.5967151999938202, -0.5266819450792891, 0.8277328544025653, 0.9468893873638395, 0.9752704702951356, 0.9834760345586026, 0.9897596912212355, 0.9919520529145202, 0.9968961247784087, 0.9983435936062443, 1.0]]}, "pca": {"x": [1608.466217651241, 1608.4662205673606, 1608.466215519551, 1608.4662157946175, 1608.4662168443988, 1608.4662183244704, 1608.466219899257, 1608.4662155644457, 1608.4662158768033, 1608.4662160620726, 1608.4662194847238, 1608.466222539625, 1608.46622381943, 1608.4662253481943, 1608.4662272748863, 1608.4662278626533, 1608.466226648691, 1608.4662256266545, 1608.466226820079, 1608.4662276205036, 1608.4662277063449, 1608.462895694987, 1608.4612288428652, 1608.46289381233, 1608.4662236205284, 1608.466221125792, 1608.4662210937859, 1608.4662216028873, 1608.4645554715971, 1608.4595564318174, 1608.4590784011245, 1608.4062168688558, 1608.4662217613982, 1608.4662216213276, 1608.4662218853666, 1608.4662217017317, 1608.4662220391142, 1608.4645556539624, 1608.4628903692146, 1608.4603404201146, 1608.4595527151564, 1608.4633595377036, 1608.456221710664, 1608.4562199566647, 1608.4562191774637, 1608.4562215229605, 1608.4562241709687, 1608.456226254208, 1608.4562281253473, 1608.4562274055966, 1608.4562212368578, 1608.464550585916, 1608.4612176213855, 1608.4562201579022, 1608.4562226755463, 1608.456224394809, 1608.4562253796325, 1608.4562260399175, 1608.4578886547831, 1608.4662182988836, 1608.466217318851, 1608.466218574139, 1608.4645531265928, 1608.4628884406563, 1608.46122244944, 1608.4645559765645, 1608.4662187038227, 1608.4662163431765, 1608.4662159180177, 1608.4662170590689, 1608.466218480427, 1608.4662200134792, 1608.4662212985897, 1608.464552992084, 1608.466213013389, 1608.4662174752148, 1608.4645541575098, 1608.466219519887, 1608.4662190778351, 1608.4662193027898, 1608.466220146822, 1608.4662203072605, 1608.4662205714612, 1608.4662206981543, -3479458.2061588354, -6525391.535765195, 1608.456228759204, 1608.4762262462943, 1608.4762256132544, 1608.4762270699193, 1608.4762292318692, 1608.4762303947084, 1608.476230893211, 1608.476230440437, 1608.476227530847, 1608.506235883424, 1608.506231046555, 1608.4682259699885, 1608.281903978799, 1608.276905516834, 1608.2785743242712, 1608.2769089962067, 1608.2769101445567, 1608.2769110800593, 1608.2769118256317, 1608.2769124206802, 1608.2769128830782, 1608.2769135487379, 1608.2769141939239, 1608.2769147082906, 1608.276915216994, 1608.276915772662, 1608.2769163123028, 1608.2769167794622, 1608.286917024019, 1608.2869173596382, 1608.2869179344684, 1608.2869183524513, 1608.2869187852195, 1608.2869191660727, 1608.2952507263633, 1608.31524913539, 1608.321916953792, 1569.4505198838513, 1569.5188531478661, 1608.4982375058637, 1569.5488527910227, 1608.5012378072188, 1569.5971857585375, 1608.4962417360773, 1569.710518892475, 1608.4962454745946, 1569.8321861456793, 1608.4962478927093, 1569.9388534543693, 1608.4962499111957, 1570.0371865674174, 1608.5029173560877, 1608.516240705305, 1608.516237164132, 1570.050518150753, 1608.5162362746166, 1570.0255179303463, 1608.5162378964192, 1570.0488520337235, 1608.5162424109317, 1570.0921853376412, 1608.5162459613778, 1570.1705187107743, 1608.516248155711, 1570.3243287912876, 1608.5162482216606, 1570.787185335515, 1608.516239867966, 1570.735517721214, 1608.5162353878443, 1608.5162345649846, 1570.6771842906478, 1608.5162374725621, 1570.6371840831162, 1608.5162408959238, 1570.6371842754666, 1608.5162433981698, 1570.6721845564123, 1608.5162448209683, 1570.7255177996574, 1608.516245489212, 1570.783851949073, 1608.5162407146013, 1570.86051774694, 1608.516238397857, 1570.8421844436348, 1608.5162377118231, 1570.8288511118797, 1608.516239448692, 1570.8321841954696, 1608.5162408358394, 1570.8405173409992, 1608.5162420529932, 1570.8421844511504, 1570.8755175058482, 1608.5162427167243, 1570.9005174415943, 1608.516243318474, 1570.9088513232061, 1608.5162405358208, 1570.9321840531597, 1608.5162397623728, 1570.9255169561518, 1608.5162398665304, 1570.9271839803407, 1608.5162431094323, 1570.9121841670458, 1608.516245637545, 1570.9671842890896, 1608.5162477913482, 1571.002184380364, 1608.516249408321, 1571.0505175390274, 1608.516250740691, 1571.0921844197067, 1608.516247303774, 1571.0971841390747, 1608.5162469735367, 1571.0971840991954, 1608.5162482689916, 1571.1171841990858, 1608.516251455165, 1571.145517321606, 1608.5162531397773, 1571.1955174106408, 1608.516254752477, 1571.228613507081, 1608.5162562825924, 1608.5162572081565, 1571.293184584416, 1571.335755298019, 1608.5162515993068, 1608.5162507373939, 1571.3271839476802, 1608.516252520021, 1571.3138508933548, 1608.516254860477, 1571.3038510528409, 1608.5162565996363, 1571.3188510220543, 1608.5162580107133, 1571.3655171648559, 1608.516259241446, 1571.4188511837583, 1608.5162567758784, 1571.492183908118, 1608.5162415231284, 1571.4705160513201, 1608.5162385690485, 1571.2905155285887, 1571.1305151662366, 1571.0371820351888, 1571.055515098884, 1571.1121821574545, 1571.1855153680867, 1571.2921821191824, 1571.2738485036846, 1570.2338490924874, 1568.9888509514603, 1569.188851246193, 1569.3688516784935, 1569.6355178337142, 1569.868852078353, 1570.1338519055182, 1570.2321843706811, 1570.2871837071957, 1570.275516282005, 1570.2838502533198, 1608.516243184515, 1570.350516381231, 1608.5162480387937, 1570.4771836483853, 1608.5162506540387, 1570.6105169909795, 1608.5162471848569, 1570.7638507709678, 1608.5162369822415, 1570.8621828996868, 1608.5162357106713, 1570.8388493211387, 1608.5162385584638, 1570.8088492144682, 1608.516240160949, 1570.8288491198903, 1608.516245370711, 1570.887182418016, 1608.5162492124946, 1570.9505157224974, 1608.516251764058, 1571.0355160066301, 1608.516253751467, 1571.1238502525973, 1608.5162512379097, 1571.2188502585575, 1608.5162492342022, 1571.265516128507, 1608.5162488676924, 1571.2771830248246, 1608.516251938991, 1571.32051615426, 1608.5162540724127, 1571.3738502299816, 1608.516255712508, 1571.4355163276011, 1608.5162571260794, 1571.5038504071997, 1608.5162580415429, 1571.5555164546636, 1608.5162518640989, 1571.6071831351144, 1608.5162499547994, 1571.6171827728215, 1608.5162498797504, 1571.5838496986826, 1608.5162531652832, 1571.5938497419813, 1608.5162554157887, 1571.6338497886559, 1608.5162571421608, 1571.6505158881575, 1608.5162586075498, 1571.7088499111194, 1608.5162543981041, 1571.7828965708052, 1608.5162358205232, 1571.7205147073512, 1608.5162301730834, 1571.5288482511044, 1608.516227923877, 1571.3538479326678, 1608.5162369206296, 1571.2205139544535, 1608.5162446308964, 1571.2288479025613, 1608.5162491905223, 1571.3021809446484, 1608.5162526773306, 1571.3688481233473, 1608.5162512132822, 1571.4788479497074, 1608.51623609006, 1571.4988472669281, 1608.5162349578188, 1571.3951800730467, 1571.3005128452323, 1608.5162359447686, 1571.2605126465419, 1608.5162395131497, 1571.2655128494823, 1608.516245888669, 1571.3205131331767, 1608.5162498779005, 1571.3838474778518, 1608.5162526366246, 1571.4805134677115, 1608.5162506482752, 1571.5338467881086, 1608.516233004906, 1571.4188463750436, 1608.5162278740509, 1571.3371791460727, 1608.516234486028, 1608.516238825737, 1571.2938461698363, 1571.2871793287284, 1571.3438465763938, 1571.4171798284833, 1571.5088467614098, 1608.5162456661985, 1571.5138460206883, 1608.5162346609466, 1571.442178257311, 1608.516232431549, 1571.405510960673, 1608.5162335967848, 1571.408844861457, 1608.5162378363218, 1571.393844906314, 1571.4405112595064, 1571.5114645523956, 1608.5162461996547, 1571.6188454882522, 1608.5162341238624, 1571.6355108082962, 1571.5305104992872, 1608.516233324802, 1571.468844429865, 1608.5162362868002, 1571.4688443584203, 1608.516239041287, 1571.4721775978348, 1571.5488448989684, 1571.6088452213166, 1608.5162523888125, 1571.6871784581217, 1571.7671783613446, 1608.5162465522856, 1571.7738451741473, 1608.5162447916891, 1571.8005111005386, 1608.5162442423912, 1571.7771780968387, 1608.5162472683685, 1571.7988452107936, 1571.853845218251, 1571.8971783527277, 1608.5162534473507, 1571.947178443241, 1608.5162494975036, 1572.0071782930397, 1572.0088449606988, 1608.516246607235, 1572.0038448350708, 1608.5162457541235, 1571.9905108427101, 1608.51624779199, 1572.0071778919753, 1572.0305109290662, 1572.0705109181558, 1572.1338447670428, 1608.5162508955307, 1572.1221769529561, 1608.516235413984, 1571.9321766863297, 1608.5162335544164, 1571.8205096670292, 1608.5162367704213, 1571.4555105972609, 1608.5162386975385, 1571.330511152636, 1571.358845439223, 1571.4514648037089, 1608.5162469373438, 1571.555511743755, 1571.5755112111567, 1608.5162347766416, 1571.507177990433, 1608.516236201507, 1571.4738448911821, 1608.5162367690052, 1608.5162379776148, 1571.4738448474575, 1571.4938448227192, 1571.4905107541613, 1571.4971775976899, 1571.5221775265518, 1608.5162370311489, 1571.5205103243459, 1608.5162321716564, 1571.4805101753354, 1608.5162329445234, 1571.4755101521255, 1608.516233798591, 1571.4771771932337, 1608.5162372677507, 1571.5071773071995, 1571.5343201984692, 1571.5388441484822, 1608.5162342067563, 1571.5388439530873, 1608.5162321799894, 1571.5321766731415, 1608.5162302368576, 1571.5038433076174, 1608.5162308460483, 1571.4621761891945, 1571.4371761266236, 1608.516232931218, 1571.4238432078528, 1571.4571765672829, 1571.5221768015422, 1608.516242914935, 1571.6905093755788, 1608.5162336818523, 1571.7871755094461, 1608.5162311205934, 1571.733842061027, 1571.6871748510737, 1608.5162323333575, 1571.6600318925916, 1608.5162345966796, 1571.6605081146536, 1571.6921754558477, 1571.7405087329564, 1608.5162495797883, 1571.812175956338, 1608.5162507652844, 1571.8871761495423, 1608.5162511493297, 1571.9471763289246, 1608.5162523789907, 1572.0005094131566, 1608.5162540415208, 1572.0471765435684, 1572.097176608254, 1572.1488436704626, 1572.1971767557347, 1608.5162587912237, 1572.2571768050466, 1572.282176911622, 1608.5162599409084, 1572.3405099605786, 1608.5162602549003, 1572.407176924815, 1608.5162609177878, 1572.4388439846928, 1608.5162618989586, 1572.4821769437106, 1572.5271770328757, 1572.5455099859466, 1572.6143197577182, 1608.5162622666446, 1608.5162501529132, 1572.617176175407, 1608.5162439814223, 1572.5121756114868, 1608.5162429960108, 1572.3621753604866, 1608.5162518440054, 1572.2771753708064, 1572.3055082737567, 1572.3688424044271, 1572.4405086313077, 1608.5162646585097, 1572.5105087668726, 1608.5162604928942, 1572.5838426120374, 1572.600508626605, 1572.585508606265, 1572.615508789435, 1572.6688428119699, 1572.7421760051607, 1572.783843108072, 1572.8357472150497, 1572.8921762584841, 1572.9521762884424, 1572.9838432559538, 1573.0457472278715, 1573.073843291495, 1573.1171764048358, 1573.155176376582, 1572.8205042015722, 1572.732171033765, 1564.9409616696475, 1568.7288778937134, 1569.8414933313975, 1570.400538902044, 1570.7029192588427, 1570.918871702822, 1571.0688703620667, 1571.1105354582246, 1571.14053509567, 1571.1922018550176, 1571.2172018321562, 1571.280534897864, 1571.3322018955653, 1571.3905348202786, 1571.4322008626166, 1571.4055331077727, 1571.4055327984063, 1571.4000568262497, 1571.4221998955293, 1571.4355330681149, 1571.4538671553416, 1571.4788673748994, 1571.5022002886637, 1571.5105330114764, 1571.5055328238827, 1571.4938670007853, 1571.4938670768845, 1571.4955332697652, 1571.495533315403, 1571.5172004414069, 1571.5538673491938, 1571.542200049992, 1571.5471999744839, 1571.5338670773328, 1571.5505332977627, 1571.5622005441915, 1571.5705337650738, 1571.622200616402, 1571.618866694622, 1571.505532242074, 1571.4238659329171, 1571.3538657913255, 1571.3338659388323, 1571.3655321327292, 1571.3786284410062, 1571.4438664268582, 1571.433865583865, 1571.3321982489458, 1571.2588651840408, 1571.1988653725973, 1571.1729126749915, 1571.1738661342172, 1571.1821996205806, 1571.222199727574, 1571.193866158434, 1571.0588659465204, 1570.962198864163, 1570.895532070546, 1570.8788663548103, 1570.8938666966942, 1570.9138670759635, 1570.9305341247677, 1570.8622009604655, 1570.748867533642, 1570.6855333493368, 1570.62886730753, 1570.6300575267062, 1570.6688677769944, 1570.6888682292054, 1570.7405342989694, 1570.728867638561, 1570.6672002110251, 1570.6338669426234, 1570.6438668460157, 1570.6272001195214, 1570.6355334432576, 1570.672200873101, 1570.7055342597243, 1570.7638683015439, 1570.7543440603943, 1570.7655339792473, 1570.7572009433982, 1570.7688682140306, 1570.7855344203717, 1570.803868547035, 1570.838868766274, 1570.8755347776428, 1570.8738684651757, 1570.863868224933, 1570.8355342843054, 1570.8422014922182, 1570.8655346207236, 1570.8805347726582, 1570.9338685320804, 1570.862200668871, 1570.7405332280764, 1570.6438667797213, 1570.5888667916342, 1570.5755328279904, 1570.632199932688, 1570.6522002183908, 1570.7038672956432, 1570.6938667998077, 1570.6121995885874, 1570.2595094125368, 1608.5162364584974, 1569.2288731333085, 1608.5162397425013, 1569.4922071766177, 1569.675540938086, 1569.808875551318, 1608.5162522820829, 1569.9372089426863, 1608.5162403458614, 1570.0022085843455, 1569.9772085281704, 1608.516234454461, 1569.94220848422, 1608.516233613718, 1608.5162392605118, 1569.9072085002174, 1608.5162451575366, 1569.947208734683, 1608.5162482259216, 1570.0072088770748, 1608.5162500353745, 1570.0555422475788, 1608.5162496861442, 1570.1057805600833, 1608.5162394058923, 1570.1372091135534, 1608.5162326844054, 1570.090541809753, 1608.5162319066853, 1570.0238756970134, 1608.5162368869085, 1569.990541488701, 1608.516241748005, 1569.9955416492062, 1608.516245063539, 1570.0255417729475, 1608.5162475223724, 1570.0288760702026, 1608.5162447978148, 1570.1005421568912, 1608.5162317682841, 1570.0788754138862, 1608.5162293335673, 1570.0288749044912, 1608.5162328906376, 1569.9838748716384, 1608.516237253195, 1569.9705408569769, 1608.5162403387, 1569.9722080409454, 1608.5162427559897, 1569.9955413227851, 1608.5162448816664, 1570.0122085778114, 1608.5162466779275, 1570.0172087581202, 1608.5162473589808, 1570.0488759148866, 1608.5162476752698, 1570.058876026344, 1608.516247086322, 1570.0622089355218, 1608.5162480610406, 1570.0555419564198, 1608.5162495784732, 1570.0622089576502, 1608.516251203083, 1570.0855420782414, 1608.5162532142022, 1570.0955422501909, 1570.1238763901865, 1608.5162547127345, 1570.1322094879658, 1608.5162556668874, 1570.1572094672924, 1608.5162556161192, 1570.1472094470437, 1608.5162548103124, 1570.165542458467, 1608.5162559982998, 1570.1588765557435, 1608.5162564839295, 1570.1622095220832, 1608.5162570000539, 1570.1555426223174, 1608.5162575491663, 1570.163876467236, 1608.5162509303548, 1570.0738760890529, 1608.516236675553, 1608.5162350929659, 1569.9088760946584, 1569.762209167551, 1608.5162355715313, 1608.5162399894007, 1569.6643520509713, 1569.6272090754103, 1608.5162445661745, 1569.6038762288786, 1608.516247650416, 1569.5772093947278, 1608.516250117308, 1608.5162458282875, 1569.615542385298, 1608.516232486751, 1569.5538757817983, 1569.4586374795513, 1608.5162313139758, 1608.5162322837864, 1569.3988752001446, 1569.3222083946262, 1608.516237888918, 1569.3105415068974, 1608.5162422691187, 1569.3105416651206, 1608.5162455093046, 1569.2755420257706, 1608.5162477207584, 1569.2955424072263, 1608.5162492684856, 1608.5162498375594, 1569.3122096166449, 1608.5162508325457, 1569.3155427608447, 1569.3155428865289, 1608.5162515801474, 1569.3372100542642, 1608.5162526647575, 1569.3629241853582, 1608.5162538897898, 1569.3722104127175, 1608.5162555146806, 1569.3705434943165, 1608.516256869709, 1569.38387741284, 1608.516252457914, 1569.3172095748193, 1608.516238822867, 1569.203875994517, 1608.5162355768769, 1569.103875802838, 1608.516236414104, 1569.023875737641, 1608.5162390553933, 1568.9788759240125, 1608.5162461224174, 1568.9822092097118, 1608.5162507816972, 1569.0038764110368, 1608.5162535815064, 1569.0355426281124, 1608.5162503142851, 1569.0072089525024, 1608.5162349399686, 1568.9105416872922, 1608.5162345646079, 1568.8538756052471, 1608.5162377117392, 1568.8372085308922, 1608.516239420416, 1608.5162448499066, 1568.8172087565251, 1608.5162487696157, 1568.8188759605885, 1608.5162509824754, 1568.8605424120813, 1568.872209755737, 1608.5162526056563, 1568.9022098933144, 1608.5162531040114, 1568.943877011623, 1608.516251838638, 1568.9688770974406, 1608.5162492071422, 1568.9505433266638, 1608.5162520421588, 1568.9638774151572, 1608.516254200641, 1568.9838775684696, 1608.5162558296367, 1608.5162570672842, 1568.9955437294561, 1608.516258538741, 1569.0188778111374, 1608.516251706784, 1569.0605435963446, 1569.0105432157552, 1608.5162479372884, 1568.9722100166111, 1608.516247286139, 1568.9405428937955, 1608.5162504168813, 1568.9372101376678, 1608.5162531352228, 1568.9355431455028, 1608.516255076484, 1568.9622103436598, 1608.5162567362488, 1568.9822102039568, 1608.516252976904, 1568.9455423640657, 1608.5162360580784, 1568.7905419125095, 1608.5162339759129, 1568.6772086060842, 1608.516233932099, 1568.5955414270124, 1608.5162383926715, 1568.5538752818331, 1608.5162438060786, 1568.5438754044706, 1608.5162480930962, 1568.5522086710127, 1608.516251180694, 1566.8655532509867, 1608.5162528081273, 1565.1922271526955, 1565.5205595362802, 1565.8655580385725, 1566.1255572058442, 1566.3222234659627, 1566.4805559502126, 1566.5888895197024, 1566.6855551531978, 1566.737221268137, 1566.7455535830968, 1566.7305531469326, 1566.7238870162469, 1566.775553150693, 1566.8286494985705, 1566.8855538937505, 1566.954363888142, 1566.9605528418433, 1566.8872195291647, 1566.710554322581, 1566.6255544547291, 1566.6188885629736, 1566.6455549046218, 1566.7105552827431, 1566.763889276925, 1566.7855545192187, 1566.740553857348, 1566.7405537238787, 1566.7522209771612, 1566.7800782133186, 1566.8155545089362, 1566.85055489408, 1566.900555298945, 1566.9472220423013, 1566.9438887008782, 1566.9272215149724, 1566.9322215392106, 1566.9188887081148, 1566.9122218814882, 1566.9522219553917, 1566.9805550921217, 1567.010555031248, 1566.998888610315, 1566.9938885083147, 1566.9588884814036, 1566.9555544554426, 1566.9538885667976, 1566.9805546253547, 1566.9805541999838, 1566.9105534126454, 1566.8205531185429, 1566.758886945999, 1566.723886780227, 1566.6955528195695, 1566.7055528976064, 1566.7222201577924, 1566.7622200051294, 1566.7122194069507, 1566.647219008694, 1564.2205662949752, 1563.000573660599, 1563.7205701446794, 1564.1239029422547, 1564.4172354370467, 1564.60723472964, 1564.6972334916977, 1564.7338995987288, 1564.7538987059677, 1564.7705643022327, 1564.8555643860097, 1564.922231427499, 1564.9855646427823, 1565.050564457831, 1565.073897483292, 1565.0238967896491, 1565.0005621828682, 1564.9972290846324, 1565.0105620057773, 1565.10722799624, 1565.0872277374765, 1565.0888946973935, 1565.1222279519184, 1565.128895172944, 1565.1655614118433, 1565.1855616781183, 1565.223895463884, 1565.2138948637366, 1565.1822277321153, 1565.1955607549016, 1565.2105610320468, 1565.222228378709, 1565.2522285774166, 1565.273895786904, 1565.3088958541293, 1565.3105617909334, 1565.2955615299018, 1565.300561438635, 1565.3022285851935, 1565.318895736533, 1565.3455619159674, 1565.3655619523665, 1565.3422280813866, 1565.2188944605857, 1565.117226957373, 1565.062226688872, 1565.0434767212885, 1565.0488937346215, 1565.0555600318683, 1565.0705602359674, 1565.042226755784, 1608.5162272742302, 1565.008893259077, 1564.9655589997544, 1608.5162258542007, 1564.912225912399, 1564.9072262323502, 1564.9372265665577, 1564.9638939057843, 1564.9822270143052, 1608.5162334683012, 1564.9672267139008, 1608.5162283416394, 1564.918893185846, 1608.5162254117238, 1564.8538928517637, 1608.516230062672, 1564.7938927475811, 1608.516234109244, 1564.805558997739, 1608.5162368675474, 1564.832940391015, 1564.8388937061934, 1608.5162389723516, 1564.8638942234102, 1608.5162391355232, 1564.8422276884805, 1608.5162327444314, 1564.7972274056788, 1608.5162301780495, 1564.7488942284904, 1608.5162277799473, 1564.7005602285358, 1608.5162304610353, 1564.7172274480902, 1608.5162346112206, 1564.7188947431803, 1608.5162372101788, 1564.7455610523393, 1564.7638952638574, 1564.7222283183246, 1564.6672280904343, 1564.643895053434, 1564.6638950694964, 1564.683895354541, 1564.712228585774, 1564.725561846667, 1564.7638960011009, 1608.5162411394613, 1564.777228982421, 1608.516239405027, 1564.7905618919076, 1608.5162362502588, 1608.5162355885623, 1564.7815147155789, 1564.7688955979904, 1608.516237484832, 1608.5162395933498, 1564.7815147643119, 1564.8122290100812, 1608.5162416527162, 1608.5162432585107, 1564.8222291337288, 1608.5162442862263, 1564.8405622211892, 1608.5162366530888, 1564.8405619889936, 1564.822228698158, 1608.5162328865533, 1564.7955614711123, 1608.5162321621508, 1564.7922283244388, 1608.5162349484965, 1564.7838954005301, 1608.5162376569067, 1564.7922286141074, 1608.5162397808333, 1564.8005616682963, 1608.5162417310037, 1564.8338955932204, 1608.516238726219, 1564.7672280467366, 1608.5162295056466, 1564.7088946253914, 1608.5162281082787, 1564.638894265178, 1608.5162264581463, 1564.6105603025994, 1608.5162311485476, 1564.6188943659631, 1608.5162357627257, 1564.6288945644176, 1608.5162384602816, 1564.655560864219, 1608.516240342564, 1564.6755608930607, 1608.5162389768657, 1564.66389446941, 1608.5162327380767, 1564.6255601029122, 1608.516229594354, 1564.555560123967, 1608.516228116624, 1564.5072275366629, 1608.5162314636164, 1564.5038948322497, 1608.5162365908855, 1564.5272282428755, 1608.5162408378658, 1564.5772286754275, 1608.516243489737, 1564.618895801376, 1608.516241168756, 1564.5905611432777, 1608.5162271345769, 1564.5122276571535, 1608.5162244820701, 1564.4555603113774, 1608.5162244583416, 1564.4188942672188, 1608.51623023222, 1564.418894293123, 1608.516234830389, 1564.4622275168194, 1608.5162378798766, 1564.4722279005414, 1608.5162400797994, 1608.5162405406595, 1564.5122282060834, 1608.5162325143049, 1564.5105608482436, 1608.5162287486044, 1564.4438944471347, 1608.5162287805335, 1564.3905601440306, 1608.5162317593508, 1564.4005600511305, 1608.5162360746115, 1564.3905602881478, 1564.398894635469, 1608.5162396384787, 1564.442227977456, 1608.5162421090051, 1564.4788951118067, 1608.5162423332242, 1608.5162335747573, 1564.4838947406663, 1564.438894242855, 1608.5162272486987, 1564.3805600017956, 1608.5162290597964, 1564.3455599222023, 1608.516233167851, 1564.3655600795503, 1608.5162360922411, 1564.3905603643368, 1608.5162383214324, 1564.4055605639892, 1608.5162401466857, 1564.4355607922148, 1608.5162416341511, 1564.462227955136, 1608.5162421163336, 1564.4688949955969, 1608.5162416628605, 1564.502227956045, 1608.5162420629385, 1564.4838950675828, 1608.5162438570082, 1608.5162456181858, 1564.4955612378515, 1608.5162471773597, 1564.5138954004726, 1564.530561512264, 1608.516248437697, 1564.5538956096884, 1608.516249688123, 1564.5738957243025, 1608.5162498435325, 1564.5822287536378, 1608.5162496282628, 1564.6022288119948, 1608.5162503153242, 1564.6205618444471, 1608.5162515525642, 1564.6372290239947, 1608.5162525484102, 1564.657229103671, 1608.5162535090492, 1564.6688962409485, 1608.5162543814472, 1564.6855622165717, 1608.516251120147, 1564.6355616345004, 1608.5162384927323, 1564.5405613776197, 1608.516236532473, 1564.4205611941156, 1608.516234095859, 1564.3538951589032, 1608.5162398376244, 1564.3472281914544, 1608.5162437482395, 1564.3522281154058, 1608.516245710047, 1564.3772282202358, 1608.5162469781592, 1564.3872283775975, 1608.516245967627, 1564.3457989468122, 1608.5162381362427, 1564.27222766777, 1608.5162330583485, 1564.1988944250008, 1608.5162317944207, 1564.1588944071393, 1608.5162341720686, 1608.5162389899606, 1564.145560374022, 1608.5162423078925, 1564.1372274270464, 1608.5162443446798, 1564.1472275982374, 1608.516245498207, 1564.178894803524, 1564.190560682662, 1608.516241362178, 1564.1722275366508, 1608.516236964789, 1564.152227438173, 1608.5162369221025, 1564.1355605791382, 1608.5162394888994, 1564.1372276014408, 1608.5162413844794, 1564.1238945707912, 1608.5162424407904, 1608.5162433899218, 1564.1388947420164, 1608.5162411902413, 1564.1488945833182, 1608.5162374858382, 1564.1238943742535, 1608.516232072668, 1564.073894051708, 1563.992226812197, 1608.5162294083452, 1563.9555597543501, 1608.5162324188693, 1563.9438936697356, 1608.5162363539907, 1563.9355598187954, 1608.5162392497184, 1563.945559995719, 1608.5162410296566, 1563.967227126307, 1608.5162400196816, 1563.9372266287057, 1608.5162333887968, 1608.516228571191, 1563.865559231804, 1563.8155591560856, 1608.5162304522735, 1563.790559021264, 1608.5162317794152, 1563.7872262915741, 1608.5162357921272, 1608.5162382406515, 1563.7922265277002, 1608.5162400553352, 1563.812226762281, 1563.827226956617, 1608.5162413315418, 1563.840560161511, 1608.5162407120104, 1563.8405601032557, 1608.5162391717863, 1563.8555602765216, 1608.5162397826612, 1563.848894239569, 1608.5162414228944, 1563.8655602760873, 1608.5162434597592, 1563.8738944121587, 1608.5162447854207, 1563.893894517419, 1608.5162459312553, 1563.913894669545, 1608.516245996591, 1563.9172273261004, 1608.5162373991986, 1608.5162338591203, 1563.840560120314, 1563.8005599876435, 1563.795559932982, 1563.7988940030905, 1563.813894122308, 1563.8172272678496, 1563.857227299063, 1563.82555983896, 1563.7255596338857, 1563.6472265504297, 1563.6005594272804, 1563.5972263904011, 1563.6055592351252, 1563.6272264452157, 1563.6438935196882, 1563.6122261940463, 1563.5622271416642, 1563.4638947073877, 1563.3688944494165, 1563.375560382422, 1563.3755605069275, 1563.3888947302435, 1563.4255607534565, 1563.4138940900389, 1563.3072267610112, 1563.2372265209071, 1563.2138934495742, 1563.2038933892377, 1563.2105594773193, 1563.250559656406, 1563.2872267497132, 1563.288893451263, 1563.2422261576914, 1563.1822259701585, 1563.1872259915026, 1563.195559095771, 1563.2105593966085, 1563.2622267138418, 1563.293893818675, 1563.2788934492949, 1563.2322261393128, 1563.2055589524577, 1563.200558887325, 1563.2105590693016, 1563.243893335165, 1563.2838936447745, 1563.3188939744157, 1563.363893773807, 1563.3572265248952, 1563.3222266040266, 1563.3055595583132, 1563.3388934670734, 1563.3622266441346, 1563.3855596842063, 1563.4088938032835, 1563.4438937626826, 1563.4672268825252, 1563.4822269345025, 1563.5105598778746, 1563.5329409469648, 1563.5472269859313, 1563.5938940834983, 1563.6155600604504, 1563.5588934708026, 1563.4188933444334, 1563.3205591662347, 1563.2738931473289, 1563.2738930716457, 1563.2872260676972, 1563.2955589953535, 1563.3472259433067, 1563.310558504361, 1563.2338922037636, 1563.1622251202703, 1563.1105580333247, 1563.092225119574, 1563.1155581850512, 1563.1505583834858, 1562.9338999118363, 1562.59390098309, 1562.5922323269103, 1562.6205643712788, 1562.663897691093, 1562.703897238694, 1562.7455628981827, 1562.7822297452578, 1562.8338964773293, 1562.8405619161495, 1562.8188953031768, 1562.775560978936, 1562.7488948071937, 1562.7422277002725, 1562.7655606214016, 1562.8122276743059, 1562.838894570253, 1562.8208632855083, 1562.773893814554, 1562.718893667153, 1562.7105595651192, 1562.71889352413, 1562.727226578877, 1562.7238937500288, 1562.7655597436647, 1562.7555593581205, 1562.718893264509, 1562.7272259583012, 1562.7172259972567, 1562.718893038052, 1562.7305589940247, 1562.7338930557887, 1562.7629401476133, 1562.7872261064533, 1562.8005589776042, 1562.7955589550304, 1562.7886549281175, 1562.8205588587782, 1562.8272259778262, 1562.853892994876, 1562.882225808035, 1562.8355584046078, 1562.7788921938202, 1562.6788919804314, 1562.6405580488472, 1562.650558004021, 1562.678892094696, 1562.6988921615737, 1562.7388921732784, 1562.7022246723775, 1562.5905575347765, 1562.4972243833902, 1562.4605574316622, 1562.473891410326, 1562.468891571823, 1562.4955576904267, 1562.528891884188, 1562.5005578308571, 1562.4505578303979, 1562.372224764599, 1562.33555788617, 1562.3472251509409, 1562.3705581827855, 1562.390558501342, 1562.4138925614163, 1562.420558083609, 1562.3572248599348, 1562.278891989556, 1562.265558183398, 1562.2505583203422, 1562.268892431262, 1562.2955588217087, 1562.3338930394043, 1562.3305588888657, 1562.2955585087102, 1562.1988924336024, 1562.177225411517, 1562.2038924803392, 1562.2038926340538, 1562.2122259374357, 1562.2588929666615, 1562.293892825687, 1562.2488925132766, 1562.2588925193675, 1562.2455585714104, 1562.2522256815857, 1562.2738928340932, 1562.3038930640805, 1562.3605592706663, 1562.3838929089975, 1562.3522256028134, 1562.3138926204251, 1562.3038925385436, 1562.287225487416, 1562.317225626394, 1562.3338929022216, 1562.3505592162169, 1562.313892852996, 1562.2122257356816, 1562.0705587737464, 1561.9955587504571, 1561.9822258278416, 1561.9788927949924, 1561.984368825089, 1561.9988926196436, 1561.960558196046, 1561.8655580357797, 1561.7622247669958, 1561.7022247108025, 1561.7305580477405, 1561.7955583769863, 1561.8438929148401, 1561.9138930568106, 1561.90055863852