window.FIGURAS_DATA = {"wrb_class_distribution": {"labels": ["Cambisols", "Arenosols", "Luvisols", "Fluvisols", "Calcisols", "Alisols"], "counts": [39542, 2498, 1138, 655, 176, 2]}, "wrb_missing_top20": {"labels": ["vic_70cm", "vic_80cm", "vic_90cm", "vic_40cm", "vic_50cm", "vic_60cm", "temp_90cm", "vwc_70cm", "vwc_80cm", "vwc_90cm", "temp_70cm", "temp_80cm", "temp_40cm", "temp_50cm", "temp_60cm", "vwc_40cm", "vwc_50cm", "vwc_60cm", "vic_10cm", "vic_20cm"], "pct": [97.7801004294381, 97.7801004294381, 97.7801004294381, 97.42564358910273, 97.42564358910273, 97.42564358910273, 91.27036422712503, 91.26809206789211, 91.26809206789211, 91.26809206789211, 91.26809206789211, 91.26809206789211, 88.96866692417804, 88.96866692417804, 88.96866692417804, 88.96639476494512, 88.96639476494512, 88.96639476494512, 62.454840835245726, 62.454840835245726]}, "missing_by_depth": {"vwc": {"depth": [10, 20, 30, 40, 50, 60, 70, 80, 90], "pct": [0.0045443184658380854, 16.566312967212742, 16.57085728567858, 88.96639476494512, 88.96639476494512, 88.96639476494512, 91.26809206789211, 91.26809206789211, 91.26809206789211]}, "temp": {"depth": [10, 20, 30, 40, 50, 60, 70, 80, 90], "pct": [0.11360796164595216, 16.634477744200314, 16.634477744200314, 88.96866692417804, 88.96866692417804, 88.96866692417804, 91.26809206789211, 91.26809206789211, 91.27036422712503]}, "vic": {"depth": [10, 20, 30, 40, 50, 60, 70, 80, 90], "pct": [62.454840835245726, 62.454840835245726, 62.454840835245726, 97.42564358910273, 97.42564358910273, 97.42564358910273, 97.7801004294381, 97.7801004294381, 97.7801004294381]}}, "profiles": {"depth": [10, 20, 30, 40, 50, 60, 70, 80, 90], "vwc": {"Cambisols": [11.28364903140964, 24.119753676153206, 28.637698771258385, 5.1000986842105265, 5.329901315789473, 5.972381578947369, 0.0, 0.0, 0.0], "Arenosols": [0.2578983186549239, null, null, null, null, null, null, null, null], "Luvisols": [19.386836555360283, 27.48121265377856, 29.21580843585237, 28.458242530755715, 26.72914762741652, 27.74705623901582, 32.695368043087974, 39.21396768402155, 40.89026929982047], "Fluvisols": [0.1496477794793262, 159926.54392036758, 0.15064516129032263, 0.0068740031897926625, 6.379585326953749e-05, 6.379585326953749e-05, 6.379585326953749e-05, 6.379585326953749e-05, 6.379585326953749e-05], "Calcisols": [2.4991477272727276, 3.5247159090909084, 2.7334659090909095, 0.0, 0.0, 0.0, 0.0, 0.0, 0.0], "Alisols": [0.0, 0.0, 0.0, 0.0, 0.0, 0.0, 0.0, 0.0, 0.0]}, "temp": {"Cambisols": [17.94184384414795, 18.687264716046542, 18.815472871788963, 17.671931556433037, 17.777765712405397, 17.483425468904247, 18.04179064417178, 17.859213957055214, 17.73800996932515], "Arenosols": [26.902463942307694, null, null, null, null, null, null, null, null], "Luvisols": [13.40737258347979, 13.02207381370826, 12.655254833040422, 12.022724077328647, 12.155360281195078, 12.068198594024604, 13.010323159784559, 13.034147217235189, 13.14721723518851], "Fluvisols": [22.176553846153844, 22.227553846153846, 21.862753846153847, 22.56719298245614, 22.497001594896332, 22.342392344497608, 21.8947687400319, 21.73701754385965, 21.763482428115015], "Calcisols": [17.247102272727275, 17.461931818181817, 17.266931818181817, 18.24142857142857, 18.145918367346937, 17.985714285714284, 17.551836734693875, 17.36, 17.28918367346939], "Alisols": [26.049999999999997, 25.45, 25.355, 25.155, 25.130000000000003, 24.865, 25.0, 24.94, 24.96]}}, "correlation": {"columns": ["sensor_depth_cm", "sensor_has_vic", "voltage_v", "vwc_10cm", "vwc_20cm", "vwc_30cm", "vwc_40cm", "vwc_50cm", "vwc_60cm", "vwc_70cm", "vwc_80cm", "vwc_90cm", "temp_10cm", "temp_20cm", "temp_30cm", "temp_40cm", "temp_50cm", "temp_60cm", "temp_70cm", "temp_80cm", "temp_90cm"], "values": [[1.0, 0.04820786891285435, -0.10457679881362981, -0.253053960490613, 0.020810869262912573, -0.6256050431756218, -0.8165644346568711, -0.8320122221196492, -0.7563611083359189, 0.0, 0.0, 0.0, -0.10486132494642006, -0.06349775415372952, -0.09197954348865728, 0.5884626546262612, 0.5979342234482479, 0.5892123280703481, 0.0, 0.0, 0.0], [0.04820786891285435, 1.0, 0.2182488734955634, 0.6148947129769468, 0.008185489816919522, 0.5921649963378524, -0.22356238602237974, -0.19994332574277304, -0.17165464064418032, -0.23462557526735026, -0.2253471225886398, -0.21344606166489039, 0.2482592610761257, 0.5414368733262022, 0.5170407183928234, 0.5094046923325847, 0.49502271120226443, 0.5045443038251689, 0.44934918518291334, 0.4505490581665106, 0.47154981313508326], [-0.10457679881362981, 0.2182488734955634, 1.0, 0.20160284101887269, -0.007613533921060854, 0.25003476810956937, 0.23408326993525744, 0.243492325108804, 0.261933674836959, 0.2987504061822342, 0.3040038791337684, 0.30364900151607616, 0.19242138974300013, 0.15355023849705685, 0.14243361982462338, -0.14535006385593632, -0.1458582543710743, -0.1490889658555749, -0.3163356890997916, -0.31498916284539, -0.3144732146774735], [-0.253053960490613, 0.6148947129769468, 0.20160284101887269, 1.0, -0.007919738720128498, 0.7899099124355085, 0.635520414247852, 0.629549735485035, 0.6264758975036566, 0.9766271655219136, 0.9933795937730132, 0.9921096949502867, 0.04373211159089761, 0.32381583727864766, 0.29769565347134663, -0.6203517933896051, -0.6150732555023503, -0.6138323905764639, -0.5533124505722964, -0.5398963846064284, -0.5118893925108378], [0.020810869262912573, 0.008185489816919522, -0.007613533921060854, -0.007919738720128498, 1.0, 0.907620786571921, 0.9146839745224907, 0.8973133027894685, 0.8667028467850946, 0.9710204285315677, 0.9295553529069784, 0.877714591551862, 0.002298294526635196, 0.001680270562289019, 0.0013714372523082137, 0.013655955739891914, 0.01281307538104112, 0.012889838743301423, 0.010026632891136701, 0.009738192977135763, 0.009313024060616638], [-0.6256050431756218, 0.5921649963378524, 0.25003476810956937, 0.7899099124355085, 0.907620786571921, 1.0, 0.9862374868915581, 0.9739205445595329, 0.9475774916659019, 0.9274365665205875, 0.8665015265159973, 0.7984572919487622, 0.0007181968464538213, 0.15217779510425788, 0.1506670939344159, -0.8127502963340638, -0.8171143923039842, -0.8112797782330184, -0.6966142816963368, -0.6789323533655395, -0.666800131673963], [-0.8165644346568711, -0.22356238602237974, 0.23408326993525744, 0.635520414247852, 0.9146839745224907, 0.9862374868915581, 1.0, 0.9964170374092761, 0.9671864610747832, 0.9146724307229559, 0.8495572074996756, 0.7780743103062774, -0.589267025115174, -0.7248952036967168, -0.758491977183095, -0.7738425246880922, -0.7799819344526395, -0.773841865854793, -0.6992987445738157, -0.6815409007766987, -0.6705459626622261], [-0.8320122221196492, -0.19994332574277304, 0.243492325108804, 0.629549735485035, 0.8973133027894685, 0.9739205445595329, 0.9964170374092761, 1.0, 0.9750154466263415, 0.9368224378822079, 0.8790215878354527, 0.8135927754139144, -0.5698970281434415, -0.7034136039952608, -0.7355297404256076, -0.7473809206118911, -0.7532411691601703, -0.7483837597860261, -0.695531483399921, -0.6780979681999569, -0.6652858447313975], [-0.7563611083359189, -0.17165464064418032, 0.261933674836959, 0.6264758975036566, 0.8667028467850946, 0.9475774916659019, 0.9671864610747832, 0.9750154466263415, 1.0, 0.9883483286337997, 0.9575245322512125, 0.9147065150883861, -0.5644840915439677, -0.6936750963483562, -0.7134692221535234, -0.7190180151664315, -0.7209104694210428, -0.7214538754166033, -0.6670627275155095, -0.650556211099125, -0.631438498043423], [0.0, -0.23462557526735026, 0.2987504061822342, 0.9766271655219136, 0.9710204285315677, 0.9274365665205875, 0.9146724307229559, 0.9368224378822079, 0.9883483286337997, 1.0, 0.9902477991146887, 0.965530945376233, -0.5778448894779994, -0.63203667943058, -0.6348481862951824, -0.6668935310271661, -0.6590853974477694, -0.6559200936537591, -0.6280377565723444, -0.6125795340104622, -0.5891905977846066], [0.0, -0.2253471225886398, 0.3040038791337684, 0.9933795937730132, 0.9295553529069784, 0.8665015265159973, 0.8495572074996756, 0.8790215878354527, 0.9575245322512125, 0.9902477991146887, 1.0, 0.9923678046769708, -0.5447684411886907, -0.5890097486473904, -0.5896569373119784, -0.6193239744847566, -0.61065432331513, -0.6088030061583836, -0.5792527410003275, -0.5651290156289762, -0.5383265139555193], [0.0, -0.21344606166489039, 0.30364900151607616, 0.9921096949502867, 0.877714591551862, 0.7984572919487622, 0.7780743103062774, 0.8135927754139144, 0.9147065150883861, 0.965530945376233, 0.9923678046769708, 1.0, -0.5058596228332123, -0.5406461115587351, -0.5394419215041533, -0.5666162331507835, -0.5573774558332305, -0.5567809047712633, -0.5262758033992039, -0.5136055036359992, -0.48425173563647245], [-0.10486132494642006, 0.2482592610761257, 0.19242138974300013, 0.04373211159089761, 0.002298294526635196, 0.0007181968464538213, -0.589267025115174, -0.5698970281434415, -0.5644840915439677, -0.5778448894779994, -0.5447684411886907, -0.5058596228332123, 1.0, 0.9178578577142679, 0.8963431304602757, 0.8053549597601535, 0.8069696762509377, 0.8131347636362856, 0.8728168533108156, 0.870363880389949, 0.862615232680774], [-0.06349775415372952, 0.5414368733262022, 0.15355023849705685, 0.32381583727864766, 0.001680270562289019, 0.15217779510425788, -0.7248952036967168, -0.7034136039952608, -0.6936750963483562, -0.63203667943058, -0.5890097486473904, -0.5406461115587351, 0.9178578577142679, 1.0, 0.9949375551830049, 0.9633737730676596, 0.9566386381620043, 0.9588120402310425, 0.9664163394381278, 0.9632216566399558, 0.958364689762133], [-0.09197954348865728, 0.5170407183928234, 0.14243361982462338, 0.29769565347134663, 0.0013714372523082137, 0.1506670939344159, -0.758491977183095, -0.7355297404256076, -0.7134692221535234, -0.6348481862951824, -0.5896569373119784, -0.5394419215041533, 0.8963431304602757, 0.9949375551830049, 1.0, 0.9902032348654393, 0.986233869812516, 0.9861803418341757, 0.9875836285946079, 0.9845555817929941, 0.9799131996946737], [0.5884626546262612, 0.5094046923325847, -0.14535006385593632, -0.6203517933896051, 0.013655955739891914, -0.8127502963340638, -0.7738425246880922, -0.7473809206118911, -0.7190180151664315, -0.6668935310271661, -0.6193239744847566, -0.5666162331507835, 0.8053549597601535, 0.9633737730676596, 0.9902032348654393, 1.0, 0.9983472169432537, 0.996986602172885, 0.9917385952249691, 0.9877086742016643, 0.9839938595563912], [0.5979342234482479, 0.49502271120226443, -0.1458582543710743, -0.6150732555023503, 0.01281307538104112, -0.8171143923039842, -0.7799819344526395, -0.7532411691601703, -0.7209104694210428, -0.6590853974477694, -0.61065432331513, -0.5573774558332305, 0.8069696762509377, 0.9566386381620043, 0.986233869812516, 0.9983472169432537, 1.0, 0.9984988581858963, 0.9964476043013197, 0.9931753407546166, 0.989802282343029], [0.5892123280703481, 0.5045443038251689, -0.1490889658555749, -0.6138323905764639, 0.012889838743301423, -0.8112797782330184, -0.773841865854793, -0.7483837597860261, -0.7214538754166033, -0.6559200936537591, -0.6088030061583836, -0.5567809047712633, 0.8131347636362856, 0.9588120402310425, 0.9861803418341757, 0.996986602172885, 0.9984988581858963, 1.0, 0.9971432662022087, 0.9946966935802808, 0.9918846584079191], [0.0, 0.44934918518291334, -0.3163356890997916, -0.5533124505722964, 0.010026632891136701, -0.6966142816963368, -0.6992987445738157, -0.695531483399921, -0.6670627275155095, -0.6280377565723444, -0.5792527410003275, -0.5262758033992039, 0.8728168533108156, 0.9664163394381278, 0.9875836285946079, 0.9917385952249691, 0.9964476043013197, 0.9971432662022087, 1.0, 0.9989854651066674, 0.9968051017711896], [0.0, 0.4505490581665106, -0.31498916284539, -0.5398963846064284, 0.009738192977135763, -0.6789323533655395, -0.6815409007766987, -0.6780979681999569, -0.650556211099125, -0.6125795340104622, -0.5651290156289762, -0.5136055036359992, 0.870363880389949, 0.9632216566399558, 0.9845555817929941, 0.9877086742016643, 0.9931753407546166, 0.9946966935802808, 0.9989854651066674, 1.0, 0.9984022667319887], [0.0, 0.47154981313508326, -0.3144732146774735, -0.5118893925108378, 0.009313024060616638, -0.666800131673963, -0.6705459626622261, -0.6652858447313975, -0.631438498043423, -0.5891905977846066, -0.5383265139555193, -0.48425173563647245, 0.862615232680774, 0.958364689762133, 0.9799131996946737, 0.9839938595563912, 0.989802282343029, 0.9918846584079191, 0.9968051017711896, 0.9984022667319887, 1.0]]}, "pca": {"x": [-2.0359971406722584e-05, -2.4222876104464755e-05, -4196.485462112051, -2.5083804302086507e-05, -4210.575460547756, -2.4197129724086866e-05, -4191.4054633690575, -2.0256260643934313e-05, -4191.925463140624, -4194.28546254412, -4197.415463341849, -4208.605461445837, -2.4352373101657717e-05, -4208.135460932678, -4172.725464229562, -4165.00546593357, -4173.185464039561, -2.375036409529044e-05, -4170.785464958157, -2.0126472446926263e-05, -4179.725465733147, -4204.695462259967, -4209.635460959146, -4170.835465068628, -2.0353797066101597e-05, -4201.795462711514, -4197.725463721866, -4200.675462953988, -4214.2153985235755, -4172.275465034983, -4167.935465029991, -2.4318054642816788e-05, -4198.33546168, -4207.71546077333, -4197.3454633769625, -4205.135462368606, -4192.545462619834, -4190.165406456597, -4214.265400644993, -4176.345463645867, -4170.425465119447, -4179.60546571495, -4214.2654001547, -4214.21539816532, -4180.055465654561, -4196.175462145876, -2.0116768280855203e-05, -4198.025461429155, -4179.925465657559, -4206.525461214341, -4196.675461959182, -4198.365463571093, -2.5737177631996434e-05, -2.3653862294497906e-05, -4205.175462317392, -4214.265398790398, -4195.395461931001, -4179.515465584491, -4208.875460489842, -4214.265399817951, -4199.475463248861, -4198.025463943031, -4179.955465656513, -4192.425463356602, -4214.215397886608, -4195.885463850388, -4180.225465471713, -4182.725432215201, -4206.14546121804, -4208.205461186234, -4208.935460233934, -2.4652080117248346e-05, -2.0100285387406345e-05, -4178.61546422695, -2.5263233452352063e-05, -4165.525465728207, -2.028387031490215e-05, -2.4305023495666637e-05, -4195.395464200917, -4190.395433426719, -4176.825464256703, -4197.935462225109, -4177.265464207442, -4214.265399443307, -4198.085461667031, -4188.035405941721, -2.425925680578238e-05, -4169.53546515066, -2.373842321330682e-05, -4214.265401049501, -4214.265399790801, -4196.735464034281, -2.416437388263922e-05, -4171.255440863679, -4179.805465886195, -4174.205463874387, -4172.975463979172, -4206.1654615590105, -4171.905464269611, -2.460615354480846e-05, -4174.685464727319, -4194.56546454763, -4197.725461737236, -4163.735466089636, -4179.975465488771, -4170.425465059333, -2.022714814572113e-05, -2.544363753465071e-05, -2.605750703897282e-05, -4214.02543091783, -4214.215397771068, -2.390741777921507e-05, -4205.585461031175, -4209.925460563047, -4196.695437607379, -2.0003754472278413e-05, -2.581940637836961e-05, -4211.045460676105, -4177.115464002339, -4214.265400865196, -4169.905465312084, -4197.745462372083, -4207.655460807918, -4193.035463475693, -4169.905465192187, -4176.4054642537685, -4170.695464979732, -4168.645465289887, -4201.795462268551, -4195.915462313077, -4180.075465590091, -4198.2654616741, -4214.265399829375, -4203.445461074392, -4192.635462694624, -4177.175464101665, -4204.285462966228, -4177.135464227326, -4214.215398050465, -2.6019957967207618e-05, -4167.965464957754, -4194.175464205417, -4196.465432998445, -4192.095463737472, -4206.995461153016, -4192.625462435591, -4214.025430661317, -4188.035405773745, -4192.045463534161, -4195.035462328865, -2.4216884182565265e-05, -4193.0154635133695, -4191.6454634748125, -2.3000345193094334e-05, -2.468319792170694e-05, -2.360031494138374e-05, -4197.995461702691, -4214.265399378927, -4179.6254657362415, -4195.625464181445, -4197.115462399987, -4214.26539961082, -2.3550369489870408e-05, -4214.205398274919, -2.429018489607936e-05, -4174.1054639968825, -4201.7454631570645, -4166.795465129469, -4172.465465062212, -4209.565460944889, -4197.395463867187, -2.493746838962356e-05, -4165.835465852415, -4179.875465802472, -4169.045465231986, -4197.505461776986, -4208.665460741524, -4168.325465434189, -4190.165406317797, -4165.215466024753, -4172.0254642395885, -4165.525465781348, -4194.915464446034, -4202.615460992935, -4192.305462212622, -4171.895464162635, -4195.795463859765, -2.031655803219415e-05, -4174.28546465015, -4175.935463670255, -4204.305461698756, -4168.115465200157, -4165.755465318218, -4165.675465582658, -4214.265400162884, -2.0262330771921135e-05, -4191.435463426405, -4169.705465210654, -2.512903096382132e-05, -2.3784365642936767e-05, -4179.535465391845, -4188.31540630816, -4168.3154649351145, -4198.325461697237, -4165.705465295474, -2.4072673646171956e-05, -4214.265400531736, -4180.315465615518, -4214.265399601937, -2.5407920588134555e-05, -2.5762490374800497e-05, -4175.915464771051, -4206.96546096625, -4165.545465727737, -2.4945739667953978e-05, -4205.735461946971, -4168.875465144117, -2.015717600089294e-05, -4195.645464150624, -4177.915464149773, -4165.0754657894895, -4208.125460665916, -4165.765465387828, -4165.975465626119, -4169.885465315637, -4214.265401110321, -4176.835464220787, -4179.805465691407, -4208.215461151741, -4168.025465118919, -4206.115461931216, -2.400540726733348e-05, -4205.2754612428525, -4169.365465137573, -4201.075462919563, -4208.365460141784, -4214.265400194489, -4209.975460678654, -2.4607581146819086e-05, -4204.655462844796, -4171.085439455059, -4193.72546348222, -4199.515463196751, -2.0229643054629137e-05, -2.5101014912970597e-05, -4177.325464312142, -4203.755461521054, -4178.285464158212, -4174.4754645666935, -2.0206603411383464e-05, -4197.695461771291, -4200.275462692869, -4197.245462059813, -4196.565463323325, -4157.505466268596, -2.407265438602601e-05, -4166.975465007841, -4172.295464302492, -4194.745464493538, -4164.795465805044, -4199.405461002808, -2.019190670051569e-05, -4200.05546131209, -4174.1754638204775, -4214.265399867591, -4166.665465220084, -4164.1054659532065, -4198.745461555679, -4176.155463439634, -4175.735464495516, -4209.385460703663, -4195.81546407254, -4170.745464238668, -2.35351464713972e-05, -4201.13546322773, -2.4208441352140713e-05, -4198.15546160328, -4163.445466453453, -4172.395465097088, -2.404467913421491e-05, -4208.58546091077, -4179.965465325309, -4170.195465032664, -4196.945462034838, -4177.535464088866, -4195.635464107258, -4198.795461562059, -4178.525464178063, -4170.795465389528, -4174.565464563259, -2.331607759465922e-05, -4197.085433498824, -2.521378191808885e-05, -4175.855464574053, -1.997770644756135e-05, -4176.625464465381, -4180.075465717482, -4176.385464160035, -4207.2254609958645, -4214.215398283178, -2.3519763148265094e-05, -4191.90546308424, -4198.085462160319, -4202.30546266763, -4195.395464200586, -4164.695465828032, -4202.5954625119275, -4165.475465753762, -4180.925465763237, -4177.335464167577, -4214.265399722064, -4208.655460987831, -4173.555463985633, -4201.445462013821, -2.0067597670114347e-05, -4165.775465568989, -2.3960675071888012e-05, -2.426182765719571e-05, -4209.045459721028, -4180.17546567936, -2.3540488612911153e-05, -4197.385463903774, -4209.865461143116, -4180.215465551517, -4191.605463387944, -2.3611388185627314e-05, -4201.885461099902, -2.014741301581645e-05, -4191.435463413362, -4214.26539999129, -4214.265399766904, -4205.535460882872, -4207.6954607380385, -2.3921914499628503e-05, -4180.075465197212, -4176.405463616114, -4170.25546529233, -4210.30546106204, -4207.145460465623, -4197.685461709682, -4206.7154606454515, -4199.775461451773, -2.0117848591026008e-05, -2.4353429964031015e-05, -4197.785460974968, -4194.465462525794, -4172.82546420675, -4164.285466350703, -2.585781251641482e-05, -2.0222580844979652e-05, -4205.275462115086, -2.3816371738527138e-05, -4174.425463610101, -4170.265465101633, -4195.035463781062, -4208.99546028942, -2.3921734934823658e-05, -2.369343506231823e-05, -4209.875460630548, -4196.12546349746, -4201.1654611046315, -4168.16546494548, -4198.22546366649, -4174.515463461025, -2.575070626758394e-05, -4175.915463736525, -4176.125463783029, -4194.705464330614, -4165.6054657076875, -4202.585460711148, -4174.9654646183835, -2.0100285387406345e-05, -4167.835464930207, -4198.115461100808, -4173.535464089547, -4179.875465849262, -4180.07546531931, -4170.265464387448, -4194.85546372004, -2.0158737647143717e-05, -4177.22546438634, -4164.145465969999, -4198.41546205416, -4179.92546524276, -4205.575460676096, -4179.695465626174, -4195.1754640811505, -4203.785461448914, -4208.935460559978, -4207.375460250612, -4196.625463981542, -4207.465461278958, -4214.265401068154, -4208.185459992909, -2.397861212293356e-05, -4199.8954617159325, -4174.295464570706, -4202.38546153229, -4169.405465230686, -4173.895464055742, -2.3480913798458206e-05, -4177.255463974387, -4201.165462603155, -4165.835465854994, -4214.265399948262, -4168.165465144391, -2.0099774641823657e-05, -4180.705465581913, -4201.845461540276, -4214.2653999919485, -4214.265400992863, -4206.5554618458345, -2.018010073310845e-05, -4193.945462944241, -4202.195463271777, -4197.725461649936, -2.011682709986063e-05, -4192.595463212646, -4166.525465336724, -4214.255399719501, -2.463576663924757e-05, -4198.115462132834, -4214.265399839452, -2.400089836349416e-05, -4173.095464014201, -4173.325464080249, -4206.715461036354, -4197.115464007438, -4214.265399652528, -4180.045465587232, -4166.0654654912105, -4197.79546236986, -2.0148945252564512e-05, -4208.415461348458, -4210.025460737629, -4214.265400653137, -4196.395460768796, -4181.075465222925, -4166.045465624071, -2.0262419000429276e-05, -4193.215463288815, -4177.835463979319, -4177.00546446752, -2.4165931830766798e-05, -4177.315463930929, -4180.05546519939, -4177.335464420452, -4196.195464003543, -2.304030610405347e-05, -4176.835464371618, -4190.015406406637, -4198.435463061999, -2.4283481816039568e-05, -2.0223974046924857e-05, -2.3920008964493784e-05, -4202.305461254324, -4168.045465128129, -4165.715465410625, -4214.265400328274, -4214.265399756509, -4204.705461093827, -4203.035460557792, -4170.1054653329265, -2.4458953760153752e-05, -2.555398156491003e-05, -4202.145461653253, -4194.435464555833, -4179.935465848791, -4176.625464303986, -4167.575465083069, -4180.655465565608, -4197.7554623148835, -2.3600326061883014e-05, -2.3793678094681782e-05, -4204.515462130988, -4198.73546129459, -4177.37546437909, -2.001448012951485e-05, -4176.445464253901, -4206.805461018517, -4192.6054632055075, -4197.755463725379, -4182.705433497532, -4214.215398184837, -4197.175462044186, -4214.265399874522, -4169.885465307829, -4176.345463625447, -4192.865463396103, -4207.815460778639, -4192.895462814958, -4170.3554643454045, -4194.625463987498, -4195.455463928343, -4194.625463984818, -4177.265464305062, -4214.215397774599, -4179.795465680313, -4165.705465599653, -2.6016732147360584e-05, -4174.395463803984, -4170.275465155912, -4167.565464948034, -4179.775465720598, -4169.905465318706, -2.5393434017077888e-05, -4197.325461961354, -4193.275436766889, -4198.205461600255, -4197.785462373563, -4214.20539843005, -2.3664717554451024e-05, -2.3803251813829614e-05, -4179.955465860056, -4202.735462223847, -4175.3954645949525, -4200.995461579155, -4191.525463186195, -2.5869075769987323e-05, -4194.75546430511, -4170.715464997361, -4198.385463567963, -4185.775405497287, -4168.425465425202, -4214.2654000138655, -4200.85546343551, -4202.755463111401, -2.4314709245798306e-05, -4193.16546335588, -4165.705465598264, -4197.90546212801, -4192.785462963583, -4214.265400775278, -4193.585464267188, -4171.085439515455, -4179.95546582825, -4177.175463817685, -4180.125465542282, -4194.605462415603, -2.3102189262336777e-05, -2.3239502589134887e-05, -4172.675465156622, -4199.915461719792, -4176.065463600266, -2.4114351939581343e-05, -4179.685465353906, -4207.595460798355, -4196.015462184398, -4192.925463871708, -4214.2654011021405, -4179.935465700333, -4175.755464516656, -4198.025461433776, -2.3958426391269626e-05, -4180.045465235175, -4173.145463900202, -4202.805462341118, -4197.745461810213, -4214.03543110184, -2.001448012951485e-05, -4214.265399241248, -4214.265399609449, -4192.815463941628, -2.581123531938284e-05, -2.0304270728706937e-05, -4169.615464540647, -4180.7554655914155, -4188.815464410137, -4171.935464094971, -2.5396359455771157e-05, -4196.6254618051735, -4198.095461495996, -4170.115465091741, -4192.835462475861, -2.004052815423191e-05, -4179.895465630922, -4203.615462967696, -4179.955465687876, -2.3714480688049132e-05, -2.510700139607443e-05, -4205.435461866214, -4176.795464239785, -4210.965460684883, -4207.185460776581, -4200.725461080949, -4214.265400050964, -4171.69546418115, -4196.255463652622, -4179.855465468977, -4214.265400353953, -4214.265401216905, -4195.335464212689, -4200.905461558057, -2.6105728529866376e-05, -4196.455462381998, -4208.075460946131, -4192.755464108042, -2.0053807539381785e-05, -4214.265399613262, -4179.945465246189, -4172.025464256204, -4173.285440369513, -4197.115463995844, -4205.615461006621, -4194.305433150107, -4214.265401540465, -4173.87546405994, -4180.725465730194, -4193.385463304051, -4179.715465910638, -4214.265400204198, -2.3710393879181083e-05, -2.318301838166086e-05, -4199.4254618962805, -4190.855404714786, -4200.915461332891, -4168.3754649050425, -4207.425460530217, -4205.295462205289, -4172.785464236119, -4180.045465440152, -4201.155461145917, -2.0187681701051333e-05, -4194.985464653426, -4198.285461632191, -4208.165461071973, -4214.265398945614, -4214.265400646194, -4199.925461590229, -4179.995465762011, -4179.755465756398, -4214.265399598048, -4205.785461738697, -4195.3054635051885, -4176.84546434713, -4214.265401027356, -4196.935461917131, -2.0267497046753438e-05, -4177.235464190742, -4197.675461694865, -4196.905461901412, -4179.945465711104, -2.3974956071592996e-05, -4210.95546060487, -2.452978751359169e-05, -4165.535465703913, -4172.355465051888, -2.413258333952594e-05, -4196.075463574793, -4205.515461991642, -2.407677546802352e-05, -4168.995465234548, -4179.765465916264, -2.580005274500644e-05, -4192.8654635844905, -4179.975465663487, -2.3760896018945068e-05, -2.3639368401871436e-05, -2.0018566094176347e-05, -4172.8054642083835, -4196.475436851978, -4201.665462869535, -4169.445464620314, -4168.875465310107, -4207.715460991499, -2.3721130978213798e-05, -4169.645464500441, -4179.585465390267, -4208.895460791795, -4196.175463579504, -4165.77546560272, -4173.715439442685, -2.6286487789779603e-05, -4180.265465309832, -2.413632972989101e-05, -4194.305462719578, -4200.265461598271, -4179.735465859997, -4164.885465834816, -4165.735465314232, -4195.355464185543, -4210.365460976305, -4214.215398355935, -4175.9854642833125, -4179.94546583173, -2.3120196674990298e-05, -2.3286774411141913e-05, -4214.26540156576, -4207.80546071293, -2.0147501244324593e-05, -4204.565460713442, -4179.945465254489, -4203.945462884321, -4214.265400120929, -4202.565460959033, -4169.0954647157305, -2.0124940210178202e-05, -4205.425461887379, -4199.845461171215, -2.400132671533796e-05, -4214.265400922471, -4214.265399755122, -2.0063511705452846e-05, -4176.845464376977, -2.004614635564147e-05, -4179.995465425701, -4194.4754645513285, -4196.715463885218, -4192.465464067067, -4179.975465869145, -4196.035463565716, -4198.385461715052, -4189.725406712508, -4195.545463936729, -4214.215398338797, -2.5133514772745445e-05, -4192.185463827889, -4179.665465576429, -4192.865463001491, -4177.39546370462, -4202.135461637855, -4207.455460916893, -4176.185463331743, -4199.935463044658, -4175.895464731297, -2.4191389443142976e-05, -4201.615462218267, -4169.805464486111, -4203.895463068828, -4198.485461588182, -4166.42546550273, -4167.935464955852, -4167.84546497179, -4214.265400074875, -4197.885461824798, -2.006861916127972e-05, -4214.2654000658085, -4167.995465663122, -4193.955462946154, -4214.265399376165, -4208.285460994269, -4170.485465048977, -4173.045463966651, -4193.96546295384, -4209.505461966281, -4171.00546516704, -2.3967727005244772e-05, -2.0305802965455e-05, -4179.675465643326, -4204.415460796782, -4165.6554657108045, -4197.415462248832, -4194.695463857525, -2.0237814983952136e-05, -4201.265462725749, -4192.805462063875, -4180.025465707559, -4195.085462364422, -4172.735465221516, -4198.165462106428, -4176.935464271732, -2.0197524901925253e-05, -4207.5054613261145, -4207.485460814099, -4204.685462023997, -4201.935462236932, -4170.425465135266, -4198.105461046885, -4175.955463560641, -4179.9254658347645, -4165.835465715606, -4168.495465415048, -4170.255465102938, -4192.865462901561, -4209.345460977279, -4209.465461052377, -4170.2554652456865, -2.009926389624097e-05, -4197.995463228093, -2.0244002749949816e-05, -4191.915463261656, -4205.585461214334, -4177.215464249892, -2.3604304833057745e-05, -2.013984006058428e-05, -4171.095439927293, -4178.925464352193, -4180.17546561017, -4175.125464806445, -4207.315460776436, -4176.645464451645, -4206.655460766126, -4214.265399911174, -4177.2854642049915, -4171.055465175956, -4203.2254629302815, -4197.165463980663, -4205.8454616301715, -4205.855460565734, -4174.115463990288, -4206.935461089458, -4191.255463338334, -4207.105461241631, -4214.215398857747, -4172.44546496749, -4190.925404706517, -4214.265400127184, -2.6290787297208086e-05, -2.0057893504043283e-05, -4172.39546503695, -4192.415463363711, -2.3787823646108e-05, -4193.685464257792, -2.4049033314292673e-05, -4214.26540051223, -4194.505464433365, -4179.635465779133, -2.4320541412078128e-05, -4205.615461135127, -2.0033516750877145e-05, -4196.245463507757, -4176.185464279063, -4190.975463284239, -4198.385461471267, -4178.195464043938, -2.6162645403771718e-05, -4194.835464498373, -4194.685464449587, -2.649387546432996e-05, -4191.465463851905, -4214.265401117843, -4179.945465828136, -4177.715464104595, -4175.965463580008, -4205.985461021164, -4179.94546524781, -4191.665433232828, -4192.805462722909, -4168.025465053282, -4175.195464516343, -4177.285463978098, -4192.2654634873, -4175.815464582155, -4165.435465806139, -4207.32546051157, -4201.205462748216, -4170.305465372729, -4176.405464280328, -4214.265399439454, -4193.955462752971, -2.0057893504043283e-05, -4214.265399990615, -4179.795465763795, -4196.9754640901265, -4174.565464588363, -4179.785465641536, -4191.0654359471055, -4192.7954637294915, -4170.2254652370475, -4201.785461080378, -4176.915464427534, -4197.845461726605, -2.0114725298524454e-05, -4173.365464198839, -4193.145463246759, -4196.365462231865, -4209.795460412994, -4196.605462062817, -4208.105461606726, -4214.265400107355, -4208.245461335412, -4203.865462858182, -4196.715462016509, -4214.26539999731, -4164.075465955972, -4214.265399595718, -4199.815461171069, -4206.705461134817, -4208.945460081215, -4196.465462488553, -4172.725465166535, -4173.585464017561, -4187.995406145013, -4168.495465365168, -4194.9954637779865, -4191.775463231019, -4197.105464035606, -4196.735462001058, -4195.645463848934, -2.3139917771970875e-05, -4198.5054629407205, -4209.38546210795, -4201.825461164309, -4173.175464040847, -4195.3154642295785, -4194.645461197566, -2.028226327502264e-05, -2.3316112289891956e-05, -4208.405460730982, -4174.495463444606, -4196.035461298068, -4170.465464236349, -4191.605463160344, -2.010130687857172e-05, -4214.265399215958, -2.3916481148753804e-05, -4170.625464924186, -2.5223628099815372e-05, -4192.525464015442, -4205.475461598887, -4165.735465598722, -2.582065642528549e-05, -4170.345465272569, -4182.755433982773, -4189.36540404966, -2.011932200876864e-05, -4169.155465339367, -4195.345462356969, -2.3610709839945608e-05, -2.3711211808704877e-05, -2.5677879620839378e-05, -4197.975461774859, -4208.415460861526, -4182.86543220328, -4168.135465173334, -4165.775465561951, -4177.405464334061, -4173.41546414167, -4202.075461795371, -2.3266361416166987e-05, -2.0025716532333974e-05, -4197.815463582995, -4180.015465638494, -2.560448270740183e-05, -4177.555464048437, -4180.265465287054, -4188.22540629304, -4166.305465482093, -4192.385461310381, -4210.845460447375, -4180.605465787307, -4170.805464957213, -4214.26540078364, -2.34854883946398e-05, -4165.755465545179, -4194.145462749311, -4195.455463908824, -4200.965461598237, -2.014542885249113e-05, -4196.2554635016295, -4214.215398684786, -2.2994372979573744e-05, -4205.685461753646, -4214.265401109543, -4177.41546374511, -4175.865464691524, -4214.265399702936, -4165.765465592239, -4170.59546417282, -4169.515464526759, -4179.975465609323, -4194.355462327712, -4195.505462470749, -4180.355465736148, -2.370903053497155e-05, -4179.695465706012, -4201.925460857835, -2.0003754472278413e-05, -4172.2654643117385, -4180.805465643676, -4207.615461105302, -4206.8154609070925, -4180.025465546065, -2.0137767668750817e-05, -4180.125465582474, -4195.805464079788, -4205.525461160554, -4207.4654605801425, -4180.045465674445, -4214.2453996282175, -4164.935465809547, -4174.805464673173, -4165.975465518183, -4194.665463622253, -4208.825460228794, -4179.785465914616, -4196.765461861892, -4209.9454607499965, -4166.645465257644, -4180.105465605793, -4214.215398193441, -4179.835465504781, -2.010130687857172e-05, -4192.825463069044, -4210.895460959105, -4169.195465342743, -4197.375461718667, -4196.335460623257, -4165.465465797901, -4214.265398745963, -4180.165465583372, -4180.195465253625, -2.0262389590926563e-05, -2.010947880789472e-05, -4214.265400495198, -4197.875463765343, -4195.875463993712, -4204.2854629649955, -4208.445460773177, -4195.215464368133, -2.0103860606485158e-05, -4201.255461330796, -4180.225465582013, -4192.595463267387, -4194.275464460302, -4197.9554617047925, -4194.485464061285, -4177.245464036965, -4166.995465012425, -4170.57546499196, -4169.555465238124, -4174.115464009827, -4196.425463478917, -2.0281287177486e-05, -4192.245463459619, -4185.005405509149, -4175.015464260489, -1.9993028815041973e-05, -4202.595460877379, -4179.575465425521, -4195.625464212715, -4176.025464292257, -2.3139917771970875e-05, -2.549847874070267e-05, -2.003439920723966e-05, -4191.22546302506, -4197.445463008269, -4192.6554630117, -4208.935460473559, -4205.435462272321, -4179.775465710113, -4204.275462952138, -4201.535461115766, -4169.985464509686, -4199.005461483669, -4174.125463967332, -4192.875463405512, -4180.32546562204, -4197.965461605877, -4192.665462543126, -4206.735461877001, -4208.825460463709, -2.003644218957041e-05, -4206.9854608066225, -4214.265399999729, -4191.6754637006525, -4165.0254657729165, -4208.815460758281, -4194.6554638845455, -4180.025465542818, -4198.7154632450065, -4202.915461293853, -4202.165462762996, -4172.945464122185, -2.523853336288743e-05, -4202.765460616546, -4178.295464160984, -4198.765463270564, -4192.755463061877, -2.5830940854340666e-05, -4208.9954596933985, -4196.735461995692, -2.576025197047484e-05, -2.371693707666525e-05, -2.3463887473904026e-05, -4172.9554640713295, -2.383155137308171e-05, -4207.495460720913, -4194.845464467039, -2.4356550402615922e-05, -4176.645464183153, -4214.025430573544, -2.391558313036854e-05, -4191.085436119268, -4168.125465181942, -4192.725462812621, -4177.295464381067, -4179.665465682606, -4214.265400828237, -4214.265399696111, -4180.015465367593, -4176.395463618004, -4202.7454631200235, -4165.70546572671, -4166.015465575684, -4179.875465197092, -4197.9554641094255, -4179.895465889933, -4192.99546349459, -4180.345465564904, -4179.9954653642835, -4210.3954600504085, -4198.255463762536, -4203.235462980123, -4168.015465060402, -4192.73546272013, -4194.545463855472, -2.3944626955386847e-05, -4191.225463045007, -4169.88546530395, -4177.405464258085, -4174.735464635924, -4196.155463649812, -4177.225464035178, -4214.265398793952, -4214.2654007414085, -4200.005463017155, -4173.415464127439, -4214.2553989858425, -2.398581165284312e-05, -4179.995465610349, -2.017811656978313e-05, -2.003644218957041e-05, -4169.615464523517, -4206.815461119734, -4169.055465312767, -4194.805464481686, -4177.145464119683, -4173.335464074115, -4192.2154638261945, -4173.495440445477, -4214.265401025869, -4204.115460781051, -4210.6354607702115, -4179.5254653890715, -4197.0554620014345, -4175.795464612227, -4169.725465239425, -4192.815462758402, -4173.345464162098, -4198.365461157849, -4169.69546522158, -4184.665405548793, -4170.455465009499, -2.3601099315048664e-05, -2.306934908486523e-05, -4169.465464609438, -4200.78546352138, -4192.825463100059, -4170.785465277568, -4204.545462261871, -4192.795462699435, -4214.265401033627, -4174.515463512612, -4168.535465405711, -2.0238895294122938e-05, -4165.705465412352, -2.412097892405018e-05, -4208.585460873584, -4181.015465098123, -4207.365460919832, -2.0114725298524454e-05, -4198.065461691982, -4205.795460951373, -4197.115462077238, -4179.9554656646515, -4192.845463016614, -4203.34546092904, -4191.695463710084, -4192.945463759698, -4201.245462794641, -4176.405464203451, -4192.9054628519925, -2.4276116695741086e-05, -4196.705464049016, -4192.935463467675, -4170.435465105229, -4208.935460448045, -4200.865462648089, -4171.155465926967, -4205.795460773869, -4198.2454621022525, -4176.925464120246, -4197.345463620558, -2.3849907639052192e-05, -2.3600155929164347e-05, -4176.1254643841985, -4214.215398695301, -4195.395463488633, -4180.095465415123, -4198.145462101313, -2.5726620419065563e-05, -4207.505460605805, -4197.005463969874, -4193.405463095383, -4206.145461851105, -2.4259529167554796e-05, -4179.945465858165, -2.4154095904817616e-05, -4180.07546598373, -4176.835464432765, -4179.865465234854, -4165.28546579851, -4191.7554631907815, -4165.705465704506, -4195.325464222053, -4175.885463848132, -4179.755465711072, -4214.265398621062, -4170.475464231339, -4201.2454612945085, -2.3203621486770993e-05, -2.3543305718743786e-05, -4180.45546548385, -4196.585436899725, -4198.375461347752, -4190.815463192041, -4191.545462969882, -4180.115465718697, -4180.0454656777365, -4206.475461563615, -4177.135464205698, -4169.245465327899, -4180.055465592309, -2.3949053532912363e-05, -4165.86546571503, -4180.355465695359, -4201.115462895675, -2.014026257765883e-05, -4202.875460919732, -4175.995463543705, -2.387013620559553e-05, -2.3360803955335434e-05, -4169.695465203633, -4214.2653997738935, -4210.335461080206, -4196.875461936087, -4214.265399306527, -4177.465463799946, -4194.385463620499, -4196.375462184365, -4179.565465830699, -4210.625460563984, -2.4196213121530843e-05, -4197.585461772364, -4176.495464143555, -4192.905462974302, -4179.82546571407, -4165.885465365309, -4172.705465180264, -4174.045464073996, -4208.41546068431, -4191.905463129597, -4209.105461090292, -2.3633246455151987e-05, -4206.715461121947, -4167.955464949766, -4178.275464149796, -4165.8154653500915, -4200.545461387319, -4214.265400963338, -4192.655462957646, -2.3804688272757497e-05, -4198.125461579341, -2.351056816629958e-05, -4197.645461224731, -4207.5654608555715, -4167.95546505556, -4199.565461137883, -4181.065465726546, -4214.2653996885665, -4172.13546408565, -4181.095465725102, -4214.265399239073, -2.553211843175861e-05, -4190.895463647537, -4179.935465835575, -4170.225465230882, -4169.705464478049, -2.016974678665184e-05, -4214.265398790398, -4197.125463650299, -4197.535462185289, -4206.545461150754, -4172.965464072167, -4195.07546382442, -4205.53546105482, -4192.965463451769, -4192.165463641147, -4172.835464179315, -4192.835463386126, -4195.215463805458, -2.5799210101375318e-05, -4176.445464358536, -4181.0754651423895, -4192.635463180482, -4196.2754640720195, -4214.2653990148265, -4179.80546549656, -4194.995463612579, -4200.805462776843, -4197.885463797389, -4170.105465352144, -4174.685464749552, -4172.105464225842, -4200.575462417217, -4179.745465931995, -4207.805460646861, -4177.205464245684, -4197.925463051603, -4175.815463605215, -4214.265398625301, -2.0274676894413777e-05, -2.0240456940373715e-05, -4209.905460573486, -4207.015460978644, -4177.305463995223, -4191.775463329221, -4180.655465800007, -4191.835463147346, -2.3305305699587495e-05, -4179.605465649184, -4166.33546538122, -4174.695464545, -4176.875464389846, -4169.58546526136, -4193.0754607920435, -4191.675463408307, -4197.105464040557, -4201.735463366388, -4199.175461372854, -4170.195465238464,